11273292734648563305: 30476 (3499), 30411 (2955), 30346 (540), 1350 (709), 1422 (24), 1097 (22)
8109827037447348342: 31028 (1687), 2868 (214), 2998 (18), 30898 (1232), 2738 (244), 2803 (71), 30963 (24)
8540122954083257520: 1350 (1644), 1669 (26)
15007862768526066548: 2745 (1366), 2942 (272)
15125207423813671985: 1669 (223), 2117 (1021), 1153 (44), 30411 (73)
3381659732440391014: 2237 (178), 2942 (46)
15032442448603724491: 1162 (93), 8580 (58), 1227 (20)
5669125588186238538: 2942 (93)
1836708578391398144: 1227 (77), 30411 (15)
17840755855253710182: 2803 (48), 2608 (18), 12220 (22)
3860453691882039983: 2942 (1999), 30963 (797), 31093 (30), 2868 (65), 2803 (31), 2998 (22)
5734266583544679940: 30346 (1772), 1350 (164), 2434 (28), 1858 (21)
5152724644165973329: 2998 (575), 2868 (1153), 30898 (34)
2813642198965378859: 1357 (38), 1350 (38), 1153 (437), 1422 (65)
222188377054840277: 30963 (16)
15881924760632972609: 2266 (16)
9724200328191759242: 2285 (16)
6639740084478363704: 30476 (16)
12744119144061935143: 2659 (16)
10692912017184066876: 2868 (83), 31028 (148), 30898 (76), 2942 (146), 2738 (44), 2998 (30)
3463343431441860022: 1153 (47), 1422 (16), 1350 (16)
16952804018875193453: 30963 (37)
3762410205653993721: 30411 (36)
12682613889001646558: 2942 (20)
14557482397559639413: 2266 (24)
13638197047298127455: 2284 (28), 2285 (10)
5770707260086289100: 2434 (29)
6937645781831782414: 2738 (20)
17062092950171993552: 30411 (202)
4983625572567718166: 30963 (202)
13226364493166867555: 705 (59), 1153 (130), 2332 (14)
8497377522178132105: 30898 (28), 2942 (16)
8569771414802928629: 1350 (13), 2268 (14)
16724134000938692893: 1762 (10)
18231515709322572754: 2942 (329), 2608 (660), 31093 (18)
12309131518523320984: 1227 (128), 8580 (196)
4915826000494139646: 2237 (112), 2803 (16)
13423931885055655763: 2721 (48), 1162 (37), 8580 (12)
10202294282231687772: 2739 (48)
12275795775228628182: 1153 (82), 1422 (58)
13391861991929625297: 2942 (52), 2745 (15), 1661 (13)
17152232479977939867: 1350 (47)
9231225812972668803: 2745 (94)
9348009754920376518: 1422 (72), 1292 (14)
16204056713237239254: 1661 (16), 30963 (39), 1770 (11)
6534941365316002845: 901 (11)
16426520720356195803: 1350 (714), 1153 (307), 1422 (156)
10224763210558020035: 30963 (417), 1661 (35), 2673 (231), 30898 (29)
5951250434291812695: 1153 (325), 1422 (85), 2434 (15)
11823514156503198061: 30898 (32), 1661 (111), 1699 (45), 3389 (141), 2738 (53), 3321 (23)
12039460033853780497: 2266 (28)
2355430308961505227: 2285 (23)
144392189619606587: 1569 (635), 2721 (25)
2449075731699600367: 2942 (612), 2803 (18)
8515557517315117733: 8580 (566), 1227 (34)
8366721107155650411: 3389 (429), 2237 (16), 1837 (54), 30833 (65)
4080974293372248064: 1661 (286), 30963 (17)
9435623176648561099: 643 (106), 1350 (71), 1292 (75), 1357 (23)
12689774635117136833: 12220 (61), 30963 (36)
10624702513902991165: 1032 (41), 30476 (12)
2896397438090684192: 30411 (18)
9355045364630977510: 3517 (16)
3952213927590994428: 1153 (13)
1338976683249758025: 1282 (10)
12169595989297643350: 1837 (192)
8238363536641110086: 30411 (137), 261 (55)
15831654427766779008: 2780 (136)
7458933099604086960: 1422 (13), 1153 (11), 1350 (52)
14354959165200664538: 30346 (721), 1350 (59), 1858 (12)
16354740372415644014: 2738 (521), 2868 (141), 1699 (57)
14676718055711319446: 1350 (342), 1153 (161), 2266 (12)
11942758035738034574: 2942 (346)
17468539636771854532: 1292 (125), 1153 (245)
5576133651436873908: 1422 (18)
14378547531709530566: 2942 (18)
10402004365565515916: 901 (18)
820557883575268998: 2998 (12)
2181174115645020326: 1539 (12), 2266 (41), 2434 (56)
8799789179486155967: 2745 (15)
3698494684935131782: 1422 (16), 1153 (105), 1350 (18)
13589047243483857191: 30476 (15)
15170058820781925695: 30963 (29)
1005518043111863723: 30411 (26)
9926821237009601676: 3389 (12)
7568049194120471436: 2284 (46)
13945576960560499223: 12220 (10)
4014183643913889800: 705 (18), 706 (20)
2169376531574700454: 3389 (55), 1661 (58), 1699 (44)
9397246076919705127: 901 (63)
1824480474127745069: 12220 (106)
2415947503702993436: 2998 (61), 30963 (31), 2868 (64)
12821744347896727190: 2434 (15), 30346 (26), 1422 (10)
9348680302662636628: 3517 (15)
771164387814359530: 2942 (44)
6728996850673572000: 30411 (16), 2117 (34)
17619186568971388006: 1764 (15)
4727374904169584485: 1749 (15)
10750895708756195181: 1661 (18)
17465476556315923057: 2942 (319), 30898 (90), 30963 (263), 2998 (16)
11939145362542562107: 30346 (239), 1422 (66), 30411 (10)
12512776178599276654: 2998 (77), 2868 (71), 30898 (52), 2673 (20), 2738 (18)
14783198597732735508: 1422 (12), 1153 (64)
12426251807369058052: 3517 (11)
3940257796673515775: 901 (12)
8180472104080979779: 1661 (13), 1770 (16)
14688060547981477512: 8580 (12)
14548807996032586566: 12220 (12)
11093341902224870111: 2780 (55)
13604874688576655941: 2426 (49), 1978 (39), 2608 (25), 2868 (15)
12766340332305072399: 1153 (49)
7673877628378537172: 2868 (46)
5268946357976496947: 3517 (38)
15259180096812948680: 1422 (38), 1153 (19)
13693293995629341365: 773 (10)
707858922989713636: 1153 (37), 1422 (42)
16719473691655802717: 2868 (21), 31028 (58), 30898 (11)
13669684237050268582: 1350 (88), 1357 (15), 773 (20), 1487 (15)
4688218247965332569: 2942 (71), 1827 (22), 1661 (35)
1647876282018417939: 2332 (45), 2434 (26)
6668773361221251559: 3309 (45)
8358141707403857255: 30541 (42)
13217199196507982988: 30898 (42)
14990659009910093174: 30898 (14)
15206626886080933386: 1162 (14)
13681684355327597691: 2745 (13)
13582347132104295230: 1350 (13)
4709679255325304379: 2942 (25)
1625147744185581425: 1227 (22)
17899551319161949463: 2738 (14)
2438843751802007327: 1350 (13)
13500537696031510742: 1350 (1126), 1153 (53), 1162 (34)
2715236753356173886: 2868 (223), 2803 (582), 2745 (296), 2998 (18)
8159409499281062980: 30411 (189)
15626881147707400322: 1762 (189)
15541971317779430015: 1749 (189)
223478296321301111: 2745 (113), 2608 (56), 2942 (19)
196152858061620530: 1153 (115)
15703187766506969321: 3259 (64), 2608 (45), 2803 (10)
18183320067557147376: 3517 (169), 30963 (268)
7387118329405646091: 30476 (153), 1350 (10)
9979268971952632596: 2803 (146)
15251271932684070846: 12220 (90)
2628505143634824146: 12220 (28)
3881625257512862004: 2739 (25)
4881100578329167974: 8580 (25)
17393068903691618573: 30346 (61), 30476 (15)
689167589064684712: 2942 (25), 2745 (34)
12585029625791392530: 1422 (10), 1153 (30)
11008770169346007235: 30833 (14), 2803 (14)
13483955192852761488: 8580 (13)
7054252785635207586: 30411 (220), 1153 (10)
14412754276174132580: 30963 (220)
4224511437489739793: 2332 (113), 1153 (46), 2268 (32), 705 (24)
6711632664167274756: 2218 (22), 2426 (91)
13313225773254035135: 2203 (15)
122463970431193504: 2868 (12)
5857729982019012774: 30963 (12)
77749381453149835: 3389 (20), 1699 (11)
11341943287904346378: 8580 (18)
11481764116236154052: 12220 (18)
9415948689925271755: 1661 (36), 30963 (98), 30898 (22)
4106352965872009472: 706 (27)
15972498930420853182: 3353 (13)
17930977998171335965: 1153 (33), 30411 (25)
2559047976689365190: 31028 (16)
17104048928417986524: 1292 (11)
7723226903547238017: 2942 (10)
5819105706258762318: 705 (13), 1350 (58)
13796485390627195717: 2868 (13)
16997861083514012991: 1099 (12)
6774358214891921838: 30963 (13)
13102178436046495504: 1153 (13)
11838755332626352237: 706 (58)
4692381524020060371: 3353 (51)
9770322701968939582: 2325 (223), 30411 (41)
5922672960987672853: 2803 (223)
12477693156410516091: 1380 (217)
6695606802760972023: 1837 (217)
9681628719421929959: 1153 (83), 30411 (116)
6703678317343908924: 1180 (80)
5068381704121553467: 2738 (32), 3517 (27)
11523016137840406579: 901 (23)
347226836073979449: 30963 (23)
5080953065458518500: 1350 (59), 1153 (81)
2922894996240723452: 2942 (39)
5795238554851022648: 30963 (13)
15649339382883323931: 1810 (22)
12606878534141856610: 3321 (23)
3847871070942652412: 1350 (15)
13636128001051339204: 30476 (13), 30411 (12), 1350 (15)
15759873065270501712: 30411 (496), 2117 (79)
8311269021335993750: 1762 (491)
8951597130714507115: 1749 (483)
12147244947209455459: 2942 (483)
18393305594712923689: 1153 (479)
2600287909634966514: 2608 (411), 2745 (22), 2998 (45)
9169819860957689014: 1422 (41), 1153 (79)
12726207823796489158: 1764 (15)
8499189883163162313: 30963 (32), 2745 (28), 2868 (11)
12286243514808395357: 2266 (32)
17299772716693381270: 2285 (32)
3081437825583479588: 1292 (19)
7233333152076558757: 1187 (12)
3248053207700521701: 1422 (97), 30411 (108), 30346 (30), 1292 (18), 1097 (10)
7034444385353773588: 2942 (33), 1978 (18), 2998 (28), 2738 (14)
3913301464747158366: 901 (33)
12499375888178808148: 2868 (29), 2738 (19)
18006740274251975470: 8580 (27)
18146423559449042656: 3389 (28)
7469107728083978593: 30346 (14)
3348134492908439288: 1837 (41)
15643185494915347465: 2331 (11), 1221 (30)
3321340902574148196: 3063 (38), 3321 (14)
12998946749654821085: 2267 (33)
7984762390329489183: 30833 (17)
2598399823324147067: 30411 (149), 2117 (102), 1153 (42)
10227253577260020157: 1762 (149)
9404494567060368192: 1749 (148)
6208952303727774536: 2942 (103), 2998 (19), 31028 (14)
142754192112226818: 1153 (103)
15757844138186543065: 31028 (89), 2803 (13)
4526825336287473238: 2868 (58)
7656398014224687148: 773 (56)
12566599962515485753: 2218 (22), 3321 (12), 3390 (18)
12187885363030762434: 2942 (94)
10441977232315255805: 2803 (21), 2745 (14)
17749394213483712179: 3322 (25), 3321 (50)
399081926568001520: 3297 (23)
7206532282365304171: 3323 (19)
276919193998060058: 2942 (42)
6054627479077286736: 901 (38)
10327433934113140363: 1661 (11)
13452687938995369081: 30963 (10)
2533996111822623332: 1350 (88), 2434 (26), 2266 (122), 1858 (22)
6984843634216602525: 3517 (88)
18028850487513115750: 1292 (12), 1091 (35), 2266 (10)
8736871724909298732: 1227 (37)
10940878325688514122: 3389 (16), 2237 (16)
5537106205709572404: 30346 (47)
4954472036171063905: 2942 (18)
5667649921321181300: 30476 (38)
11699970480198841963: 1661 (34)
14189381798571165227: 2998 (16), 30963 (33)
2385371988328631919: 1422 (200), 1153 (30), 1032 (22)
4629728785789256575: 1661 (13), 3194 (39), 2618 (148)
18019043925309665972: 706 (11)
6590310235199390692: 2942 (15)
6764013258800996447: 901 (67), 1350 (31)
16947134211017257908: 1661 (10), 3389 (43), 1699 (14)
642761500289630872: 2998 (56), 2868 (27), 2803 (11)
10989728485286293010: 2721 (38), 8580 (18)
12636517407848413981: 2739 (22), 2737 (16)
15654097960011477583: 1227 (20)
4023072855197876265: 3517 (19)
18400422956383924384: 31028 (14), 2998 (23)
3568317940794505146: 1669 (14)
15387773508866712231: 2942 (19), 30963 (10)
9393894665392962541: 2332 (19)
14415883697628563225: 2285 (19)
5880392653936308965: 1350 (15)
4577987710795847421: 2745 (11)
18262012342128138704: 3517 (10)
7472530338735013419: 1153 (10)
13612115783419798512: 2745 (21)
13638826569990732981: 1350 (10)
10296611453426860735: 2267 (28)
6075060903661935997: 2803 (23)
12346292687508524563: 1153 (23)
8071266533326345160: 2284 (22)
18113333245563823506: 2332 (29)
12757901883617253734: 30898 (23)
12829737519683338778: 1032 (23)
5400628077611599127: 1177 (18)
2121860224972633747: 30346 (15)
11373588021691470911: 2738 (18), 3389 (40), 2942 (11), 1661 (10)
6709070690145199612: 1350 (51)
3677319219544932836: 2608 (14), 3321 (130)
2970275482693960991: 2868 (153), 2608 (78), 1699 (82)
9055321670591433573: 2434 (108), 1292 (92)
5618280858073684391: 3063 (75), 3321 (16), 1699 (14)
5134914583518730436: 30411 (69)
17195657853002187778: 2942 (61)
10710717199547474089: 1153 (64)
5760153833966222706: 2998 (41), 31028 (19)
16111903222060126712: 30541 (15), 1282 (14)
13011416860994201319: 12220 (13)
3440134561631855905: 2283 (115)
17068940755826062803: 30898 (28), 2673 (23), 30963 (11)
17284887151791713967: 1422 (29)
9105208884236019023: 1762 (17)
18165925834047864222: 1153 (14), 30346 (10), 1221 (25)
2832311869708640325: 3259 (12)
15329158946802871961: 1487 (23), 1091 (10)
7919489896121224184: 1374 (13), 2526 (10)
12115963889637149736: 1227 (12)
12501146554016094764: 1829 (11)
12884316363272110484: 1811 (11)
17425908965662172717: 2942 (11)
6250712588459301981: 901 (40)
14809699439430857303: 3389 (32)
2467186182989320643: 2332 (16)
7525343966964051255: 3309 (15)
4885728766899172780: 1153 (15)
10996006343805380727: 30833 (34), 2998 (10), 2868 (10)
14709568937038723115: 1827 (45)
6053007131607628905: 1810 (46)
2583280101046069008: 2426 (49), 3321 (12)
3331740162751624282: 1436 (46)
4576252089625535528: 2981 (46)
1223321724563798093: 2942 (155)
5128359415654719751: 1350 (66), 1292 (86)
15436977018989224694: 2202 (18), 30216 (18), 1292 (27)
8648694887887306999: 1764 (73)
14780453980295320564: 1749 (72)
1853055701554967548: 2237 (34), 2942 (32)
16700621792413160529: 2715 (18)
3415595445805341876: 2939 (15)
6791957457450839522: 1153 (41)
4516806521331563847: 1837 (18)
8246372288961571095: 2022 (16)
8547529985168716813: 1180 (13)
15214059043729049449: 30346 (127), 1858 (10)
15795567308252986428: 2738 (51), 2868 (84), 1699 (16)
10063665117663833071: 2868 (18)
839740100874101195: 8580 (15)
690913149347394565: 12220 (14)
18036558892550738868: 1661 (15), 3194 (15)
4620169808464765567: 2434 (11), 1292 (11)
4580986489648399682: 2266 (39)
7279589624815698825: 2285 (39)
16170497159649732265: 1539 (20), 643 (31), 1097 (78), 705 (13)
9525978055289850544: 3176 (19)
16061236068483913857: 8580 (10)
15891782473046619584: 901 (27)
5166351295749479370: 12220 (17)
7267461013028382518: 1153 (12)
13803256495016917741: 2803 (12)
2158768202093927096: 30963 (30)
14017398277585422892: 2325 (22)
17585509382428853963: 2942 (10)
687105682799831942: 2608 (25), 2998 (14), 2868 (49)
17765213876234849391: 1350 (17)
14090231855260683270: 30216 (82)
11392125658606585119: 2426 (63), 2868 (18)
15168148801557724323: 3176 (20)
14286111536328812482: 30346 (14)
14867618292675517591: 2942 (12)
8028110017477090133: 1032 (18), 2266 (17)
5379369341829015369: 1177 (18)
11199017278738757312: 1177 (41)
13401004252474310083: 3517 (24)
12869578620772766168: 12220 (19), 2738 (10)
10515986464655224100: 901 (19)
776918415262155566: 2803 (13)
8593647870226392117: 1350 (43)
17916255867559038599: 30476 (26), 1350 (22)
1466624760821389464: 31028 (17)
1320970167272846430: 1350 (17)
13012931660133170074: 1764 (15)
3195725010899932536: 1669 (14)
1000475895314335826: 1661 (10)
11073567435558818136: 12220 (15)
1620250384384722895: 3517 (23), 30963 (41)
10133161402463477812: 30476 (14)
18371759850278632072: 30346 (24)
9579922769593736739: 2942 (49)
13934637221870007253: 1292 (27)
10359202684194650452: 2868 (25)
15803475453438113582: 1669 (27)
18080299114804832772: 30898 (22), 2608 (11)
8012951337249561642: 30411 (19)
14326626507118674156: 1762 (19)
14537513964433398289: 1749 (19)
2095940945754569241: 3517 (28)
11088355978223748876: 1350 (14)
17866588295219946260: 3517 (22)
118659265805255614: 1350 (26), 2266 (15)
5891955785369157595: 30963 (12)
5073303350587344019: 2268 (13)
6942602432951662123: 2803 (12)
6309561784720920217: 30411 (12)
18334663353997906527: 12220 (12)
1392228811670696700: 1699 (36)
6663624204827938018: 8580 (20)
6793737340675807532: 3390 (20)
1948373778465378323: 3517 (15)
4105289595624411951: 2942 (10), 2237 (11)
6700289018910421: 1661 (65)
18241930216426994553: 30963 (12)
2591087537461735170: 8580 (13)
17419786938665722162: 1422 (11)
16671651243965776928: 1350 (14), 30476 (11)
9893990696608604216: 2998 (10)
4064246367827246828: 2434 (55), 1858 (107)
17629669075689304255: 901 (46)
8772504961674220719: 2285 (122)
11774773411650965277: 706 (15), 30476 (104)
14722425531921996618: 12220 (62)
17237866688587917238: 774 (13), 1221 (44)
10557818183824831987: 30963 (11)
2799508129491142727: 1350 (47)
17975707601691062872: 2942 (20), 2745 (30)
8381792113087867276: 1422 (19), 30411 (10)
1515612349814645916: 30963 (15)
619049908789805331: 12220 (16)
9308505118459066984: 1350 (14)
2876756923530360236: 3321 (14)
13582443401548142898: 1669 (15)
4861373909682477157: 3389 (16)
8415482001509328732: 8580 (19)
14487790182442489691: 2266 (34)
10635913149090976144: 2285 (34)
5281612305650633250: 1091 (12)
8759796060816220083: 12220 (20)
8436743696372474982: 1858 (14), 30346 (32)
3160271305783970055: 30963 (31), 30898 (12)
13613299375962529468: 2282 (13)
17055236200171113622: 1032 (14)
4249078391681637606: 3321 (22)
14933436406545407322: 30963 (22)
12308132498125259707: 1153 (10)
8186264997860089440: 2745 (14)
7532344125153359348: 30963 (34)
13257174914186962272: 901 (18), 30411 (11)
9008122165168906035: 2673 (20)
13098335279567445684: 30411 (10)
5852004759360877019: 1762 (25)
6799175777986145062: 1749 (25)
10012168940186045230: 2942 (21)
15934814710599815780: 1153 (18)
5601173145078531219: 2138 (12)
9768229769499780515: 2608 (12)
15975329640504145226: 1762 (10)
15194648853737435063: 1749 (10)
466092199090589631: 2868 (25)
17648179482391717702: 1422 (11)
9812615701559770052: 30346 (11)
9240114494885642385: 3517 (11)
1174463137166331342: 2266 (22)
5393107563150445317: 2285 (22)
10380372737248202935: 1350 (10), 1153 (12)
18310897651470808239: 2745 (10)
10192029785328179020: 2285 (13)
7612817851286688231: 1162 (11), 8580 (14)
3762189493342564299: 901 (12)
10858264112777587359: 2942 (14)
8049781495755581350: 2942 (27)
591600136978148398: 3063 (46)
2955183149643108242: 3194 (17)
9207300109786078406: 30963 (13)
5361851841696525437: 901 (12)
1988478717141915327: 901 (32)
15039047953952115590: 3517 (10)
11147144795879914460: 3517 (18)
8039286291517955765: 2745 (12), 2608 (20), 30898 (16)
7908391995261723181: 30411 (20), 8580 (14), 1162 (12)
14132751588306943723: 1762 (16)
3890319836896763294: 2299 (10)
355726795855965895: 12220 (14)
7433319469178084158: 2268 (24)
5134099770958992407: 2299 (21)
18322243794946500978: 1153 (20)
2671090089580082345: 2787 (14)
6905089553470861913: 30411 (13)
17740259969768713887: 2942 (12)
1925274423067187000: 2282 (32)
3843265377472296813: 30346 (12), 1221 (16)
4413553677066832952: 2942 (12)
11130501541537616770: 1153 (21)
4693680729028103769: 2745 (11)
16980327953662951314: 1539 (11)
14583082505650110116: 1837 (11)
2777802903662616529: 1827 (18)
13740139342564367251: 1810 (18)
9344235945756322743: 2267 (12), 1350 (10)
6559351234948887669: 2284 (12)
13138776273225482470: 2266 (13)
17924811946553206011: 1827 (24)
6981638904533983417: 1803 (24)
5733445932699867394: 1187 (104)
715360197303832264: 901 (18)
10580392142516101314: 2738 (11)
15180561459067760389: 2942 (56)
9619050128178263631: 1227 (53)
16476488177844571499: 30963 (27)
11021707192604085330: 2139 (13)
2226203459657601933: 2803 (12)
636095889019749457: 2738 (11)
4628534987087525283: 2673 (19)
17061026085323694607: 901 (17)
8645945927818431493: 3194 (17)
17866809210681905654: 8580 (10)
17708838343571162168: 3322 (10)
14649197739075380246: 1731 (16)
11114339476022902770: 2608 (16)
8066376205795932131: 2608 (12)
10444453868797366282: 1249 (12)
13207381378990420327: 2942 (11)
7721023536127308752: 901 (15)
17302538570060422618: 30963 (15)
108744096851425965: 1350 (12)
6719563289939752606: 2868 (14)
14922761022097117767: 1661 (11)
8451239050639336332: 643 (11)
5161660251639626118: 1177 (10)
7752928569877922857: 12220 (31), 2803 (32)
5649461445314194102: 2715 (29)
9711112920488993363: 2737 (29)
4457855121694748675: 2683 (10)
1964060669589333529: 12220 (108)
1503247921186698498: 30963 (11)
8009867864955316776: 2942 (16)
4105399902215861090: 1153 (12)
8567963125999384724: 2284 (15)
11220354842836651015: 1858 (15)
13299148409562682610: 2738 (14)
12613907175909999041: 30963 (12)
17435556339114057374: 901 (25)
7696626248646799508: 3517 (25)
17299339313304295279: 30411 (20)
3304125267835172720: 3517 (22)
13188490056396755083: 1292 (21)
17988622217746995722: 12220 (11)
10103037745934813748: 1350 (10)
17661143647006326292: 3517 (10)
8053717247506291183: 8580 (10)
11541997064880231608: 2659 (12)
6109272827636482877: 1153 (19)
10348232542596931302: 2803 (12)
11797384126581620560: 8580 (15)
11639971802616539806: 3517 (15)
12027811424041880373: 30898 (10), 30963 (12)
11955386458326945865: 2267 (10)
3640449714228109563: 901 (11)
12230962320901345009: 1371 (11)
2258726617493162335: 1762 (10)
4459631012315147843: 1749 (10)
8762297922654542753: 1032 (12)
17416751344865532380: 2745 (11)
17299892690896881305: 1162 (11)
7381530230348368826: 2282 (13)
2405290462013421747: 1422 (11)
7923322544842837025: 12220 (10)
16703913921360523412: 2266 (14)
6481321280572394409: 2942 (15)
2433248465584011980: 12220 (16)
5649570339369153925: 2942 (18)
1852885301537270991: 30346 (17)
1270252098206881690: 2868 (14)
792329179423830579: 2268 (10)
3092111569258937626: 2299 (10)
10633896176707240063: 30411 (10)
15217201675569434076: 30963 (15)
8048367078080066100: 12220 (14)
9190626512489111842: 30963 (10)
3170229522938199535: 30476 (12)
14341649580293073904: 2803 (12)
4610577009549103280: 1153 (15)
10248054376748242994: 901 (12)
10072917578738837453: 2299 (10)
4501245123911714989: 2942 (20)
17577956112843544236: 2942 (12)
13267645784319561756: 901 (12)
254992901017537306: 2258 (12)
5429740188166032748: 2659 (14)
